<?xml version="1.0" encoding="UTF-8" standalone="no" ?>
<COLLADA xmlns="http://www.collada.org/2005/11/COLLADASchema" version="1.4.1">
    <asset>
        <contributor>
            <author>u5qp07yl</author>
            <authoring_tool>SketchUp 7.0.10247</authoring_tool>
        </contributor>
        <created>2017-03-29T03:57:19Z</created>
        <modified>2017-03-29T03:57:19Z</modified>
        <unit meter="0.0254" name="inch" />
        <up_axis>Z_UP</up_axis>
    </asset>
    <library_cameras>
        <camera id="ID1" name="skp_camera_Last_Saved_SketchUp_View">
            <optics>
                <technique_common>
                    <perspective>
                        <yfov>35</yfov>
                        <aspect_ratio>0</aspect_ratio>
                        <znear>1</znear>
                        <zfar>1000</zfar>
                    </perspective>
                </technique_common>
            </optics>
        </camera>
    </library_cameras>
    <library_visual_scenes>
        <visual_scene id="ID2">
            <node name="SketchUp">
                <node name="skp_camera_Last_Saved_SketchUp_View">
                    <matrix>-0.2488203 -0.2082922 0.9458873 754.6535 0.9685497 -0.05351023 0.2429983 261.0324 1.387779e-17 0.9766018 0.2150557 208.0231 0 0 0 1</matrix>
                    <instance_camera url="#ID1" />
                </node>
                <node id="ID3" name="sphere">
                    <matrix>1 0 0 45.28812 0 1 0 57.05349 0 0 1 45.07329 0 0 0 1</matrix>
                    <instance_geometry url="#ID4">
                        <bind_material>
                            <technique_common>
                                <instance_material symbol="Material2" target="#ID5">
                                    <bind_vertex_input semantic="UVSET0" input_semantic="TEXCOORD" input_set="0" />
                                </instance_material>
                                <instance_material symbol="Material3" target="#ID11">
                                    <bind_vertex_input semantic="UVSET0" input_semantic="TEXCOORD" input_set="0" />
                                </instance_material>
                            </technique_common>
                        </bind_material>
                    </instance_geometry>
                </node>
                <node id="ID16" name="cone">
                    <matrix>0.8314696 -0.2091059 0.5147164 63.99512 0.5555702 0.3129491 -0.7703276 19.56464 2.775558e-17 0.9264651 0.3763807 59.53785 0 0 0 1</matrix>
                    <instance_geometry url="#ID17">
                        <bind_material>
                            <technique_common>
                                <instance_material symbol="Material2" target="#ID5">
                                    <bind_vertex_input semantic="UVSET0" input_semantic="TEXCOORD" input_set="0" />
                                </instance_material>
                                <instance_material symbol="Material3" target="#ID11">
                                    <bind_vertex_input semantic="UVSET0" input_semantic="TEXCOORD" input_set="0" />
                                </instance_material>
                            </technique_common>
                        </bind_material>
                    </instance_geometry>
                </node>
                <node id="ID25" name="cone">
                    <matrix>0.5555702 -0.4999793 0.6643511 75.11233 0.8314696 0.3340755 -0.4439052 39.96992 2.775558e-17 0.7990083 0.60132 72.91902 0 0 0 1</matrix>
                    <instance_geometry url="#ID26">
                        <bind_material>
                            <technique_common>
                                <instance_material symbol="Material2" target="#ID5">
                                    <bind_vertex_input semantic="UVSET0" input_semantic="TEXCOORD" input_set="0" />
                                </instance_material>
                                <instance_material symbol="Material3" target="#ID11">
                                    <bind_vertex_input semantic="UVSET0" input_semantic="TEXCOORD" input_set="0" />
                                </instance_material>
                            </technique_common>
                        </bind_material>
                    </instance_geometry>
                </node>
                <node id="ID34" name="cone">
                    <matrix>0.9807853 -0.1173117 0.1558788 49.52354 0.1950903 0.5897659 -0.7836555 23.07994 -2.775558e-17 0.7990083 0.60132 73.10769 0 0 0 1</matrix>
                    <instance_geometry url="#ID35">
                        <bind_material>
                            <technique_common>
                                <instance_material symbol="Material2" target="#ID5">
                                    <bind_vertex_input semantic="UVSET0" input_semantic="TEXCOORD" input_set="0" />
                                </instance_material>
                                <instance_material symbol="Material3" target="#ID11">
                                    <bind_vertex_input semantic="UVSET0" input_semantic="TEXCOORD" input_set="0" />
                                </instance_material>
                            </technique_common>
                        </bind_material>
                    </instance_geometry>
                </node>
                <node id="ID43" name="cone">
                    <matrix>0.5555702 -0.1064777 0.8246237 80.8491 0.8314696 0.07114615 -0.5509959 31.72307 6.245005e-17 0.9917665 0.1280597 49.46076 0 0 0 1</matrix>
                    <instance_geometry url="#ID44">
                        <bind_material>
                            <technique_common>
                                <instance_material symbol="Material2" target="#ID5">
                                    <bind_vertex_input semantic="UVSET0" input_semantic="TEXCOORD" input_set="0" />
                                </instance_material>
                                <instance_material symbol="Material3" target="#ID11">
                                    <bind_vertex_input semantic="UVSET0" input_semantic="TEXCOORD" input_set="0" />
                                </instance_material>
                            </technique_common>
                        </bind_material>
                    </instance_geometry>
                </node>
                <node id="ID52" name="cone">
                    <matrix>0.1950903 -0.3691486 0.9086633 85.97843 0.9807853 0.07342823 -0.1807444 53.28726 2.775558e-17 0.9264651 0.3763807 61.80411 0 0 0 1</matrix>
                    <instance_geometry url="#ID53">
                        <bind_material>
                            <technique_common>
                                <instance_material symbol="Material2" target="#ID5">
                                    <bind_vertex_input semantic="UVSET0" input_semantic="TEXCOORD" input_set="0" />
                                </instance_material>
                                <instance_material symbol="Material3" target="#ID11">
                                    <bind_vertex_input semantic="UVSET0" input_semantic="TEXCOORD" input_set="0" />
                                </instance_material>
                            </technique_common>
                        </bind_material>
                    </instance_geometry>
                </node>
                <node id="ID61" name="cone">
                    <matrix>0.9807853 -0.17972 0.07590089 53.91252 0.1950903 0.9035136 -0.3815795 36.23235 -1.387779e-17 0.3890551 0.9212145 84.1079 0 0 0 1</matrix>
                    <instance_geometry url="#ID62">
                        <bind_material>
                            <technique_common>
                                <instance_material symbol="Material2" target="#ID5">
                                    <bind_vertex_input semantic="UVSET0" input_semantic="TEXCOORD" input_set="0" />
                                </instance_material>
                                <instance_material symbol="Material3" target="#ID11">
                                    <bind_vertex_input semantic="UVSET0" input_semantic="TEXCOORD" input_set="0" />
                                </instance_material>
                            </technique_common>
                        </bind_material>
                    </instance_geometry>
                </node>
                <node id="ID70" name="cone">
                    <matrix>0.1950903 0.1255991 0.9727099 89.38794 0.9807853 -0.02498321 -0.193484 54.15282 -6.938894e-18 0.9917665 -0.1280597 42.06163 0 0 0 1</matrix>
                    <instance_geometry url="#ID71">
                        <bind_material>
                            <technique_common>
                                <instance_material symbol="Material2" target="#ID5">
                                    <bind_vertex_input semantic="UVSET0" input_semantic="TEXCOORD" input_set="0" />
                                </instance_material>
                                <instance_material symbol="Material3" target="#ID11">
                                    <bind_vertex_input semantic="UVSET0" input_semantic="TEXCOORD" input_set="0" />
                                </instance_material>
                            </technique_common>
                        </bind_material>
                    </instance_geometry>
                </node>
                <node id="ID79" name="cone">
                    <matrix>-0.5555702 0.3129491 0.7703276 85.51149 0.8314696 0.2091059 0.5147164 73.71455 0 0.9264651 -0.3763807 33.40746 0 0 0 1</matrix>
                    <instance_geometry url="#ID80">
                        <bind_material>
                            <technique_common>
                                <instance_material symbol="Material2" target="#ID5">
                                    <bind_vertex_input semantic="UVSET0" input_semantic="TEXCOORD" input_set="0" />
                                </instance_material>
                                <instance_material symbol="Material3" target="#ID11">
                                    <bind_vertex_input semantic="UVSET0" input_semantic="TEXCOORD" input_set="0" />
                                </instance_material>
                            </technique_common>
                        </bind_material>
                    </instance_geometry>
                </node>
                <node id="ID88" name="cone">
                    <matrix>0.1950903 0.3691486 0.9086633 84.32274 0.9807853 -0.07342823 -0.1807444 57.05349 0 0.9264651 -0.3763807 22.53664 0 0 0 1</matrix>
                    <instance_geometry url="#ID89">
                        <bind_material>
                            <technique_common>
                                <instance_material symbol="Material2" target="#ID5">
                                    <bind_vertex_input semantic="UVSET0" input_semantic="TEXCOORD" input_set="0" />
                                </instance_material>
                                <instance_material symbol="Material3" target="#ID11">
                                    <bind_vertex_input semantic="UVSET0" input_semantic="TEXCOORD" input_set="0" />
                                </instance_material>
                            </technique_common>
                        </bind_material>
                    </instance_geometry>
                </node>
                <node id="ID97" name="cone">
                    <matrix>0.8314696 0.07114615 0.5509959 62.24306 0.5555702 -0.1064777 -0.8246237 16.12067 0 0.9917665 -0.1280597 39.24037 0 0 0 1</matrix>
                    <instance_geometry url="#ID98">
                        <bind_material>
                            <technique_common>
                                <instance_material symbol="Material2" target="#ID5">
                                    <bind_vertex_input semantic="UVSET0" input_semantic="TEXCOORD" input_set="0" />
                                </instance_material>
                                <instance_material symbol="Material3" target="#ID11">
                                    <bind_vertex_input semantic="UVSET0" input_semantic="TEXCOORD" input_set="0" />
                                </instance_material>
                            </technique_common>
                        </bind_material>
                    </instance_geometry>
                </node>
                <node id="ID106" name="cone">
                    <matrix>0.8314696 0.3340755 0.4439052 66.55789 0.5555702 -0.4999793 -0.6643511 25.22103 -2.775558e-17 0.7990083 -0.60132 22.53664 0 0 0 1</matrix>
                    <instance_geometry url="#ID107">
                        <bind_material>
                            <technique_common>
                                <instance_material symbol="Material2" target="#ID5">
                                    <bind_vertex_input semantic="UVSET0" input_semantic="TEXCOORD" input_set="0" />
                                </instance_material>
                                <instance_material symbol="Material3" target="#ID11">
                                    <bind_vertex_input semantic="UVSET0" input_semantic="TEXCOORD" input_set="0" />
                                </instance_material>
                            </technique_common>
                        </bind_material>
                    </instance_geometry>
                </node>
                <node id="ID115" name="cone">
                    <matrix>0.5555702 0.1064777 0.8246237 80.79262 0.8314696 -0.07114615 -0.5509959 33.33015 -6.245005e-17 0.9917665 -0.1280597 33.40746 0 0 0 1</matrix>
                    <instance_geometry url="#ID116">
                        <bind_material>
                            <technique_common>
                                <instance_material symbol="Material2" target="#ID5">
                                    <bind_vertex_input semantic="UVSET0" input_semantic="TEXCOORD" input_set="0" />
                                </instance_material>
                                <instance_material symbol="Material3" target="#ID11">
                                    <bind_vertex_input semantic="UVSET0" input_semantic="TEXCOORD" input_set="0" />
                                </instance_material>
                            </technique_common>
                        </bind_material>
                    </instance_geometry>
                </node>
                <node id="ID124" name="cone">
                    <matrix>0.9807853 -0.02498321 0.193484 45.28812 0.1950903 0.1255991 -0.9727099 13.51604 0 0.9917665 0.1280597 56.73911 0 0 0 1</matrix>
                    <instance_geometry url="#ID125">
                        <bind_material>
                            <technique_common>
                                <instance_material symbol="Material2" target="#ID5">
                                    <bind_vertex_input semantic="UVSET0" input_semantic="TEXCOORD" input_set="0" />
                                </instance_material>
                                <instance_material symbol="Material3" target="#ID11">
                                    <bind_vertex_input semantic="UVSET0" input_semantic="TEXCOORD" input_set="0" />
                                </instance_material>
                            </technique_common>
                        </bind_material>
                    </instance_geometry>
                </node>
                <node id="ID133" name="cone">
                    <matrix>0.9807853 0.02498321 -0.193484 33.45843 -0.1950903 0.1255991 -0.9727099 12.74812 1.387779e-17 0.9917665 0.1280597 50.9062 0 0 0 1</matrix>
                    <instance_geometry url="#ID134">
                        <bind_material>
                            <technique_common>
                                <instance_material symbol="Material2" target="#ID5">
                                    <bind_vertex_input semantic="UVSET0" input_semantic="TEXCOORD" input_set="0" />
                                </instance_material>
                                <instance_material symbol="Material3" target="#ID11">
                                    <bind_vertex_input semantic="UVSET0" input_semantic="TEXCOORD" input_set="0" />
                                </instance_material>
                            </technique_common>
                        </bind_material>
                    </instance_geometry>
                </node>
                <node id="ID142" name="cone">
                    <matrix>0.9807853 -0.02498321 -0.193484 42.25497 -0.1950903 -0.1255991 -0.9727099 14.11937 -1.387779e-17 0.9917665 -0.1280597 33.40746 0 0 0 1</matrix>
                    <instance_geometry url="#ID143">
                        <bind_material>
                            <technique_common>
                                <instance_material symbol="Material2" target="#ID5">
                                    <bind_vertex_input semantic="UVSET0" input_semantic="TEXCOORD" input_set="0" />
                                </instance_material>
                                <instance_material symbol="Material3" target="#ID11">
                                    <bind_vertex_input semantic="UVSET0" input_semantic="TEXCOORD" input_set="0" />
                                </instance_material>
                            </technique_common>
                        </bind_material>
                    </instance_geometry>
                </node>
                <node id="ID151" name="cone">
                    <matrix>0.9807853 0.02498321 0.193484 51.12302 0.1950903 -0.1255991 -0.9727099 13.4763 0 0.9917665 -0.1280597 42.52517 0 0 0 1</matrix>
                    <instance_geometry url="#ID152">
                        <bind_material>
                            <technique_common>
                                <instance_material symbol="Material2" target="#ID5">
                                    <bind_vertex_input semantic="UVSET0" input_semantic="TEXCOORD" input_set="0" />
                                </instance_material>
                                <instance_material symbol="Material3" target="#ID11">
                                    <bind_vertex_input semantic="UVSET0" input_semantic="TEXCOORD" input_set="0" />
                                </instance_material>
                            </technique_common>
                        </bind_material>
                    </instance_geometry>
                </node>
                <node id="ID160" name="cone">
                    <matrix>0.9807853 0.07342823 0.1807444 53.74578 0.1950903 -0.3691486 -0.9086633 15.76746 0 0.9264651 -0.3763807 27.97205 0 0 0 1</matrix>
                    <instance_geometry url="#ID161">
                        <bind_material>
                            <technique_common>
                                <instance_material symbol="Material2" target="#ID5">
                                    <bind_vertex_input semantic="UVSET0" input_semantic="TEXCOORD" input_set="0" />
                                </instance_material>
                                <instance_material symbol="Material3" target="#ID11">
                                    <bind_vertex_input semantic="UVSET0" input_semantic="TEXCOORD" input_set="0" />
                                </instance_material>
                            </technique_common>
                        </bind_material>
                    </instance_geometry>
                </node>
                <node id="ID169" name="cone">
                    <matrix>0.9807853 -0.02498321 -0.193484 32.43275 -0.1950903 -0.1255991 -0.9727099 15.30744 -1.387779e-17 0.9917665 -0.1280597 39.22347 0 0 0 1</matrix>
                    <instance_geometry url="#ID170">
                        <bind_material>
                            <technique_common>
                                <instance_material symbol="Material2" target="#ID5">
                                    <bind_vertex_input semantic="UVSET0" input_semantic="TEXCOORD" input_set="0" />
                                </instance_material>
                                <instance_material symbol="Material3" target="#ID11">
                                    <bind_vertex_input semantic="UVSET0" input_semantic="TEXCOORD" input_set="0" />
                                </instance_material>
                            </technique_common>
                        </bind_material>
                    </instance_geometry>
                </node>
                <node id="ID178" name="cone">
                    <matrix>0.9807853 0.07342823 -0.1807444 34.99675 -0.1950903 0.3691486 -0.9086633 18.68884 2.775558e-17 0.9264651 0.3763807 64.28526 0 0 0 1</matrix>
                    <instance_geometry url="#ID179">
                        <bind_material>
                            <technique_common>
                                <instance_material symbol="Material2" target="#ID5">
                                    <bind_vertex_input semantic="UVSET0" input_semantic="TEXCOORD" input_set="0" />
                                </instance_material>
                                <instance_material symbol="Material3" target="#ID11">
                                    <bind_vertex_input semantic="UVSET0" input_semantic="TEXCOORD" input_set="0" />
                                </instance_material>
                            </technique_common>
                        </bind_material>
                    </instance_geometry>
                </node>
                <node id="ID187" name="cone">
                    <matrix>0.8314696 0.07114615 -0.5509959 24.00322 -0.5555702 0.1064777 -0.8246237 19.42825 6.245005e-17 0.9917665 0.1280597 53.57461 0 0 0 1</matrix>
                    <instance_geometry url="#ID188">
                        <bind_material>
                            <technique_common>
                                <instance_material symbol="Material2" target="#ID5">
                                    <bind_vertex_input semantic="UVSET0" input_semantic="TEXCOORD" input_set="0" />
                                </instance_material>
                                <instance_material symbol="Material3" target="#ID11">
                                    <bind_vertex_input semantic="UVSET0" input_semantic="TEXCOORD" input_set="0" />
                                </instance_material>
                            </technique_common>
                        </bind_material>
                    </instance_geometry>
                </node>
                <node id="ID196" name="cone">
                    <matrix>0.5239347 0.6495351 -0.5509959 4.249142 -0.2223969 -0.5201302 -0.8246237 42.73857 -0.8222117 0.5545888 -0.1280597 45.75896 0 0 0 1</matrix>
                    <instance_geometry url="#ID197">
                        <bind_material>
                            <technique_common>
                                <instance_material symbol="Material2" target="#ID5">
                                    <bind_vertex_input semantic="UVSET0" input_semantic="TEXCOORD" input_set="0" />
                                </instance_material>
                                <instance_material symbol="Material3" target="#ID11">
                                    <bind_vertex_input semantic="UVSET0" input_semantic="TEXCOORD" input_set="0" />
                                </instance_material>
                            </technique_common>
                        </bind_material>
                    </instance_geometry>
                </node>
                <node id="ID205" name="cone">
                    <matrix>0.8314696 -0.07114615 -0.5509959 24.73433 -0.5555702 -0.1064777 -0.8246237 18.1043 -6.245005e-17 0.9917665 -0.1280597 41.95169 0 0 0 1</matrix>
                    <instance_geometry url="#ID206">
                        <bind_material>
                            <technique_common>
                                <instance_material symbol="Material2" target="#ID5">
                                    <bind_vertex_input semantic="UVSET0" input_semantic="TEXCOORD" input_set="0" />
                                </instance_material>
                                <instance_material symbol="Material3" target="#ID11">
                                    <bind_vertex_input semantic="UVSET0" input_semantic="TEXCOORD" input_set="0" />
                                </instance_material>
                            </technique_common>
                        </bind_material>
                    </instance_geometry>
                </node>
                <node id="ID214" name="cone">
                    <matrix>0.8314696 -0.07114615 -0.5509959 21.14392 -0.5555702 -0.1064777 -0.8246237 21.26184 -6.245005e-17 0.9917665 -0.1280597 37.0674 0 0 0 1</matrix>
                    <instance_geometry url="#ID215">
                        <bind_material>
                            <technique_common>
                                <instance_material symbol="Material2" target="#ID5">
                                    <bind_vertex_input semantic="UVSET0" input_semantic="TEXCOORD" input_set="0" />
                                </instance_material>
                                <instance_material symbol="Material3" target="#ID11">
                                    <bind_vertex_input semantic="UVSET0" input_semantic="TEXCOORD" input_set="0" />
                                </instance_material>
                            </technique_common>
                        </bind_material>
                    </instance_geometry>
                </node>
                <node id="ID223" name="cone">
                    <matrix>0.8314696 -0.2091059 -0.5147164 29.09547 -0.5555702 -0.3129491 -0.7703276 17.96097 0 0.9264651 -0.3763807 30.45244 0 0 0 1</matrix>
                    <instance_geometry url="#ID224">
                        <bind_material>
                            <technique_common>
                                <instance_material symbol="Material2" target="#ID5">
                                    <bind_vertex_input semantic="UVSET0" input_semantic="TEXCOORD" input_set="0" />
                                </instance_material>
                                <instance_material symbol="Material3" target="#ID11">
                                    <bind_vertex_input semantic="UVSET0" input_semantic="TEXCOORD" input_set="0" />
                                </instance_material>
                            </technique_common>
                        </bind_material>
                    </instance_geometry>
                </node>
                <node id="ID232" name="cone">
                    <matrix>0.9807853 -0.07342823 -0.1807444 41.86844 -0.1950903 -0.3691486 -0.9086633 17.75995 1.387779e-17 0.9264651 -0.3763807 24.80395 0 0 0 1</matrix>
                    <instance_geometry url="#ID233">
                        <bind_material>
                            <technique_common>
                                <instance_material symbol="Material2" target="#ID5">
                                    <bind_vertex_input semantic="UVSET0" input_semantic="TEXCOORD" input_set="0" />
                                </instance_material>
                                <instance_material symbol="Material3" target="#ID11">
                                    <bind_vertex_input semantic="UVSET0" input_semantic="TEXCOORD" input_set="0" />
                                </instance_material>
                            </technique_common>
                        </bind_material>
                    </instance_geometry>
                </node>
                <node id="ID241" name="cone">
                    <matrix>0.9807853 0.1173117 0.1558788 54.44754 0.1950903 -0.5897659 -0.7836555 25.25273 4.163336e-17 0.7990083 -0.60132 15.48368 0 0 0 1</matrix>
                    <instance_geometry url="#ID242">
                        <bind_material>
                            <technique_common>
                                <instance_material symbol="Material2" target="#ID5">
                                    <bind_vertex_input semantic="UVSET0" input_semantic="TEXCOORD" input_set="0" />
                                </instance_material>
                                <instance_material symbol="Material3" target="#ID11">
                                    <bind_vertex_input semantic="UVSET0" input_semantic="TEXCOORD" input_set="0" />
                                </instance_material>
                            </technique_common>
                        </bind_material>
                    </instance_geometry>
                </node>
                <node id="ID250" name="cone">
                    <matrix>0.8314696 -0.2091059 -0.5147164 21.98142 -0.5555702 -0.3129491 -0.7703276 24.35269 0 0.9264651 -0.3763807 27.09944 0 0 0 1</matrix>
                    <instance_geometry url="#ID251">
                        <bind_material>
                            <technique_common>
                                <instance_material symbol="Material2" target="#ID5">
                                    <bind_vertex_input semantic="UVSET0" input_semantic="TEXCOORD" input_set="0" />
                                </instance_material>
                                <instance_material symbol="Material3" target="#ID11">
                                    <bind_vertex_input semantic="UVSET0" input_semantic="TEXCOORD" input_set="0" />
                                </instance_material>
                            </technique_common>
                        </bind_material>
                    </instance_geometry>
                </node>
                <node id="ID259" name="cone">
                    <matrix>0.9807853 -0.1173117 -0.1558788 36.56545 -0.1950903 -0.5897659 -0.7836555 22.79634 2.775558e-17 0.7990083 -0.60132 18.57169 0 0 0 1</matrix>
                    <instance_geometry url="#ID260">
                        <bind_material>
                            <technique_common>
                                <instance_material symbol="Material2" target="#ID5">
                                    <bind_vertex_input semantic="UVSET0" input_semantic="TEXCOORD" input_set="0" />
                                </instance_material>
                                <instance_material symbol="Material3" target="#ID11">
                                    <bind_vertex_input semantic="UVSET0" input_semantic="TEXCOORD" input_set="0" />
                                </instance_material>
                            </technique_common>
                        </bind_material>
                    </instance_geometry>
                </node>
                <node id="ID268" name="cone">
                    <matrix>0.8314696 -0.3340755 -0.4439052 30.89761 -0.5555702 -0.4999793 -0.6643511 27.61166 -2.775558e-17 0.7990083 -0.60132 18.75 0 0 0 1</matrix>
                    <instance_geometry url="#ID269">
                        <bind_material>
                            <technique_common>
                                <instance_material symbol="Material2" target="#ID5">
                                    <bind_vertex_input semantic="UVSET0" input_semantic="TEXCOORD" input_set="0" />
                                </instance_material>
                                <instance_material symbol="Material3" target="#ID11">
                                    <bind_vertex_input semantic="UVSET0" input_semantic="TEXCOORD" input_set="0" />
                                </instance_material>
                            </technique_common>
                        </bind_material>
                    </instance_geometry>
                </node>
                <node id="ID277" name="cone">
                    <matrix>0.5555702 -0.3129491 -0.7703276 16.45348 -0.8314696 -0.2091059 -0.5147164 31.29718 1.110223e-16 0.9264651 -0.3763807 22.53664 0 0 0 1</matrix>
                    <instance_geometry url="#ID278">
                        <bind_material>
                            <technique_common>
                                <instance_material symbol="Material2" target="#ID5">
                                    <bind_vertex_input semantic="UVSET0" input_semantic="TEXCOORD" input_set="0" />
                                </instance_material>
                                <instance_material symbol="Material3" target="#ID11">
                                    <bind_vertex_input semantic="UVSET0" input_semantic="TEXCOORD" input_set="0" />
                                </instance_material>
                            </technique_common>
                        </bind_material>
                    </instance_geometry>
                </node>
                <node id="ID286" name="cone">
                    <matrix>0.8314696 -0.07114615 -0.5509959 13.4165 -0.5555702 -0.1064777 -0.8246237 25.18187 -6.245005e-17 0.9917665 -0.1280597 45.07329 0 0 0 1</matrix>
                    <instance_geometry url="#ID287">
                        <bind_material>
                            <technique_common>
                                <instance_material symbol="Material2" target="#ID5">
                                    <bind_vertex_input semantic="UVSET0" input_semantic="TEXCOORD" input_set="0" />
                                </instance_material>
                                <instance_material symbol="Material3" target="#ID11">
                                    <bind_vertex_input semantic="UVSET0" input_semantic="TEXCOORD" input_set="0" />
                                </instance_material>
                            </technique_common>
                        </bind_material>
                    </instance_geometry>
                </node>
                <node id="ID295" name="cone">
                    <matrix>0.5555702 0.3129491 -0.7703276 13.56329 -0.8314696 0.2091059 -0.5147164 29.53738 -1.387779e-16 0.9264651 0.3763807 41.60056 0 0 0 1</matrix>
                    <instance_geometry url="#ID296">
                        <bind_material>
                            <technique_common>
                                <instance_material symbol="Material2" target="#ID5">
                                    <bind_vertex_input semantic="UVSET0" input_semantic="TEXCOORD" input_set="0" />
                                </instance_material>
                                <instance_material symbol="Material3" target="#ID11">
                                    <bind_vertex_input semantic="UVSET0" input_semantic="TEXCOORD" input_set="0" />
                                </instance_material>
                            </technique_common>
                        </bind_material>
                    </instance_geometry>
                </node>
                <node id="ID304" name="cone">
                    <matrix>0.8314696 0.3340755 -0.4439052 27.49405 -0.5555702 0.4999793 -0.6643511 30.3596 2.775558e-17 0.7990083 0.60132 58.70208 0 0 0 1</matrix>
                    <instance_geometry url="#ID305">
                        <bind_material>
                            <technique_common>
                                <instance_material symbol="Material2" target="#ID5">
                                    <bind_vertex_input semantic="UVSET0" input_semantic="TEXCOORD" input_set="0" />
                                </instance_material>
                                <instance_material symbol="Material3" target="#ID11">
                                    <bind_vertex_input semantic="UVSET0" input_semantic="TEXCOORD" input_set="0" />
                                </instance_material>
                            </technique_common>
                        </bind_material>
                    </instance_geometry>
                </node>
                <node id="ID313" name="cone">
                    <matrix>0.5555702 -0.3129491 -0.7703276 9.604184 -0.8314696 -0.2091059 -0.5147164 38.28512 1.110223e-16 0.9264651 -0.3763807 26.9986 0 0 0 1</matrix>
                    <instance_geometry url="#ID314">
                        <bind_material>
                            <technique_common>
                                <instance_material symbol="Material2" target="#ID5">
                                    <bind_vertex_input semantic="UVSET0" input_semantic="TEXCOORD" input_set="0" />
                                </instance_material>
                                <instance_material symbol="Material3" target="#ID11">
                                    <bind_vertex_input semantic="UVSET0" input_semantic="TEXCOORD" input_set="0" />
                                </instance_material>
                            </technique_common>
                        </bind_material>
                    </instance_geometry>
                </node>
                <node id="ID322" name="cone">
                    <matrix>0.1950903 0.1255991 -0.9727099 6.562531 -0.9807853 0.02498321 -0.193484 50.02301 -1.040834e-16 0.9917665 0.1280597 53.23298 0 0 0 1</matrix>
                    <instance_geometry url="#ID323">
                        <bind_material>
                            <technique_common>
                                <instance_material symbol="Material2" target="#ID5">
                                    <bind_vertex_input semantic="UVSET0" input_semantic="TEXCOORD" input_set="0" />
                                </instance_material>
                                <instance_material symbol="Material3" target="#ID11">
                                    <bind_vertex_input semantic="UVSET0" input_semantic="TEXCOORD" input_set="0" />
                                </instance_material>
                            </technique_common>
                        </bind_material>
                    </instance_geometry>
                </node>
                <node id="ID331" name="cone">
                    <matrix>0.9807853 -0.1536532 -0.1202121 43.92567 -0.1950903 -0.7724666 -0.6043468 27.86504 0 0.6161867 -0.7876001 11.35074 0 0 0 1</matrix>
                    <instance_geometry url="#ID332">
                        <bind_material>
                            <technique_common>
                                <instance_material symbol="Material2" target="#ID5">
                                    <bind_vertex_input semantic="UVSET0" input_semantic="TEXCOORD" input_set="0" />
                                </instance_material>
                                <instance_material symbol="Material3" target="#ID11">
                                    <bind_vertex_input semantic="UVSET0" input_semantic="TEXCOORD" input_set="0" />
                                </instance_material>
                            </technique_common>
                        </bind_material>
                    </instance_geometry>
                </node>
                <node id="ID340" name="cone">
                    <matrix>0.9807853 -0.1173117 -0.1558788 44.03674 -0.1950903 -0.5897659 -0.7836555 21.64033 2.775558e-17 0.7990083 -0.60132 18.14148 0 0 0 1</matrix>
                    <instance_geometry url="#ID341">
                        <bind_material>
                            <technique_common>
                                <instance_material symbol="Material2" target="#ID5">
                                    <bind_vertex_input semantic="UVSET0" input_semantic="TEXCOORD" input_set="0" />
                                </instance_material>
                                <instance_material symbol="Material3" target="#ID11">
                                    <bind_vertex_input semantic="UVSET0" input_semantic="TEXCOORD" input_set="0" />
                                </instance_material>
                            </technique_common>
                        </bind_material>
                    </instance_geometry>
                </node>
                <node id="ID349" name="cone">
